image: LSR_3.tif
#resolution: 0.0166666675
resolution: 0.05000

origin: [0.000000, 0.000000, 0.000000]
negate: 0
occupied_thresh: 0.15
free_thresh: 0.05
