image: LSR_3.tif
resolution: 0.0166666675
origin: [0.000000, 0.000000, 0.000000]
negate: 0
occupied_thresh: 0.15
free_thresh: 0.05
