#image: LSR_3.tif
image: LSR_3ssg.pgm
resolution: 0.055555558
#resolution: 0.05000

origin: [0.000000, 0.000000, 0.000000]
negate: 0
occupied_thresh: 0.15
free_thresh: 0.05
